94209014080160
94209014080160
94209014080160
94209014080160
94209014080160
94209014080160
94209014080160
94209014080160
94209014080160
94209014080160
94209014080160
94209014080160
94209014080160
94209014080160
94209014080160
94209014080160
94209014080160
94209014080160
94209014080160
94209014080160
94209014080160
94209014080160
94209014080160
94209014080160
94209014080160
94209014080160
94209014080160
94209014080160
94209014080160
94209014080160
94209014080160
94209014080160
94209014080160
94209014080160
94209014080160
94209014080160
94209014080160
94209014080160
94209014080160
94209014080160
94209014080160
94209014080160
94209014080160
94209014080160
94209014080160
94209014080160
94209014080160
94209014080160
94209014080160
94209014080160
94209014080160
94209014080160
94209014080160
94209014080160
94209014080160
94209014080160
94209014080160
94209014080160
94209014080160
94209014080160
94209014080160
94209014080160
94209014080160
94209014080160
